soleil:1.9891e+30:0
mercure:3.3011e+23:4.60012e+7
venus:4.8675e+24:1.07476e+8
terre:5.9736e+24:1,47098074e+8
mars:6.4185e+23:2,06655e+8
jupiter:1.8986e+27:7,4068e+8
saturne:5.6846e+26:1.3498e+9
uranus:8.6810e+25:2.735e+9
neptune:1.0243e+26:4.4597e+9
